188416
221185
49154
237569
57345
32772
163846
131078
270337
32781
196621
40973
303120
172050
32789
90134
172055
90135
311325
16414
131102
237599
262182
90151
57392
180272
41011
188469
49208
278584
106554
73784
32828
139324
114751
16448
270401
73793
139329
204871
262226
270419
98390
82007
286808
65629
114785
188516
188517
221287
122984
221289
221290
196714
163948
109
180329
16495
295024
221296
16498
180344
254073
24696
196731
237692
57468
147582
204927
78179
221313
73858
123011
221316
188547
106625
295048
8329
180361
278664
172172
32909
82060
137
163984
270478
237709
295050
114836
41105
145
16535
180376
24729
254104
262298
204956
245916
155806
49310
98457
139430
41127
24744
139436
123052
41134
106671
49328
41135
286899
65716
57525
278710
286903
57524
286905
139449
278715
8377
196798
123071
73921
221377
237761
295110
147654
106696
24776
295113
139465
57550
180431
106705
41170
90321
73942
90327
278748
123100
131292
8415
172255
311519
278754
41192
8429
106734
106735
180464
311535
155891
286963
311540
131318
41213
90366
155903
278786
147715
180484
24838
123142
254214
213257
172298
131337
106765
311568
98577
16659
180503
16664
295196
24861
41244
303388
278818
180515
57634
106789
139556
287015
24866
24875
41259
180527
180528
164145
82227
213300
295221
262458
139578
155970
74051
16707
254279
229705
237898
123211
221516
180555
221518
16722
311635
98644
33107
139608
98648
164186
347
131419
254300
221536
221540
246117
237926
180583
41320
229736
164202
362
172404
106870
106872
98681
254332
98684
196990
295296
213377
246147
262533
311685
57737
295307
278923
90507
33165
164239
123280
295312
205200
246163
8594
123285
82326
8603
311708
16796
221599
287137
311713
270756
65959
237995
82348
197041
65973
295350
33207
74168
246198
156090
180666
188863
450
115139
303554
221637
49605
8642
270792
57800
49610
74187
254410
452
106958
25039
66000
311763
311765
98774
123351
33240
164313
131546
295382
98780
213461
287189
57823
246240
180705
279011
74212
41446
41448
57834
123371
238060
311788
33262
106996
229876
16382
238071
139767
33271
270846
213503
270848
164355
49668
82436
172550
262663
172552
147976
246283
156171
254475
8718
156176
98833
41490
172560
205328
57877
180758
49687
295447
147994
90650
107044
16935
197161
279090
197172
33332
197174
287289
115259
573
574
246334
576
131645
66114
139843
148036
33346
188996
303685
148038
66121
172618
262731
8775
229965
131662
156239
164429
74319
593
90705
131668
598
98903
66137
82523
156251
98911
287328
197217
246370
8799
66144
221797
270951
189032
221803
197227
164461
262766
123503
270962
246386
107127
295544
262776
279161
90744
107129
311933
164478
311928
131705
25217
66178
213635
8836
230021
197254
642
279174
213639
156289
25227
295570
295572
33430
311959
115352
66201
287387
58015
254623
107168
180896
205476
287397
131763
238260
254645
180915
98995
8886
107187
303807
311999
312001
123585
99015
295624
25290
205515
164557
205519
41680
164561
213714
189138
723
303827
197334
180958
734
180960
246499
82661
37477
33513
312041
123627
303849
246512
238322
189170
172788
131828
148214
295675
189180
156412
131841
123652
197380
279302
303879
49928
238346
107275
262923
205582
66318
262926
287502
90898
303889
74518
205591
246553
82715
33564
295709
33567
82721
33569
189218
90913
312101
41765
287527
213798
123689
90920
25383
115495
58157
303918
17199
287531
271153
262961
148274
107313
9013
181045
172855
25400
74553
172856
128794
33596
271160
189251
25415
312135
205643
271179
254796
189262
230223
303952
189267
131924
41811
107349
74583
254803
312147
17240
312155
156508
17247
246624
123753
17261
123758
879
254832
230257
312178
148338
99186
66417
271215
41847
205687
246647
123772
91010
50050
304004
312196
172934
9095
156552
25483
74635
230285
189327
50068
58260
921
9115
140188
115618
246691
132005
279466
99243
254890
17325
213934
156591
181162
246706
132023
271288
99256
58298
148412
279485
172990
25535
115648
230336
132029
189380
279495
156621
287697
99281
222161
25557
312281
58331
58332
156636
312286
263135
287710
230372
107492
295911
74728
99308
238572
148462
189422
304108
115697
189424
246771
41972
304117
156662
254964
181241
295932
205824
140289
279554
263171
295939
181256
295946
230410
17420
17418
66574
17423
238608
287760
25618
164883
91150
33809
173079
123931
189468
99357
156706
214066
42035
295988
66613
50230
304182
1079
25657
246843
107582
263231
115777
83009
197699
132164
140357
107594
271434
74830
222288
279633
66642
91220
230485
238677
156759
255064
42081
197730
107619
255078
42089
214122
66669
304238
271471
173168
91249
189553
74865
148596
173172
164982
304247
83061
304249
296059
304253
255102
312446
255107
255108
33924
66692
33940
279703
115866
173211
50335
58528
181409
66721
287904
124069
263333
246953
189610
115884
214190
148662
99511
222391
42167
279735
115899
124092
42169
206014
74934
42179
140484
222408
91337
304332
222413
17617
107729
246995
115924
124117
156882
230618
173275
1242
74972
296161
304354
34017
83172
50403
189670
66792
140524
107761
156914
173303
115959
165113
25849
312571
247036
279803
1276
156927
83199
214273
17668
156934
288008
156938
189713
222492
107805
197916
116003
312612
255270
42279
189736
148774
222502
42284
34094
140590
99630
255280
132402
296246
312634
238907
296254
279874
116037
34121
75082
312649
165196
263500
271694
91470
296269
247121
214354
173395
255313
107860
165203
148823
42328
157012
42330
222556
34141
173408
247137
50530
140643
255332
263526
255334
34150
9578
238959
271731
165241
116094
296320
132481
312709
222600
222602
304522
9613
288145
91539
288148
99736
271770
9626
255388
222622
206244
83365
173478
255400
214440
9642
189866
17836
42410
263598
9650
247218
140722
157112
34235
157116
296379
214463
83391
34241
9663
148927
173504
116162
99782
124361
296394
50633
189903
26064
132561
148946
263634
247251
239061
165334
26069
124376
107992
83418
239064
26072
91607
140768
280034
116194
296419
189925
58854
67044
104506
26088
83434
9708
140780
34286
312814
312816
280047
263666
132594
99822
9714
214509
288247
34298
26108
230910
189951
26112
247295
34308
26120
198158
157199
173584
34322
83475
206356
75285
157205
17944
83482
9755
296475
67101
206366
124445
75292
50719
9762
17946
181801
296490
173611
271916
1583
190002
222770
83508
9780
27995
42551
173624
214585
206394
132669
255550
124479
108094
190017
26178
255555
296516
239174
9799
58952
149065
230984
247375
214609
132690
116307
42579
312918
304731
140891
239203
288358
222826
312940
9837
214641
140916
26230
75383
255607
304761
18043
190076
214653
255614
165503
1666
91781
190085
26247
1673
173707
34445
288398
198287
239247
108173
181906
214674
26259
34452
296596
272023
222872
116377
34458
42652
140959
272032
165541
231078
34474
206510
132782
181938
100019
18098
59061
206518
263863
1720
296629
304826
190139
149179
42685
140989
313023
255680
173760
116415
116419
26308
255687
42700
173773
190159
34512
1745
181970
214737
108242
116438
214742
214744
181977
83670
42715
181978
18140
296668
255714
157411
100068
304869
214758
116456
231145
149231
83696
132850
231158
67319
132855
198392
263930
288507
91901
91902
190205
231168
141060
304902
34568
26381
34580
157461
108310
165653
190233
116505
100123
50972
247581
296734
18204
223004
1820
26395
91939
67363
149289
288555
1836
59180
108334
42799
198449
157493
296760
100154
214843
165690
255805
18236
10046
91963
223039
67391
67395
108356
67397
190283
264016
255824
141139
239444
214869
108373
59224
173912
1882
91994
26459
75609
1889
1890
165732
67429
83812
247656
182121
149353
223085
67439
92018
223091
100214
75639
59254
198521
239479
173949
313213
223106
26499
264068
231301
264070
272264
149386
288651
59283
100246
198551
157594
59291
26524
305054
190367
141214
100259
280484
10149
83877
296871
239528
100269
173999
18353
247729
100275
10162
214968
272313
26554
182203
206780
26555
157626
288705
75714
305091
288709
190407
92106
133067
10188
198604
182221
2002
190426
83931
157658
18397
141278
149471
239584
133087
231393
67555
133093
26599
34792
165864
149482
34795
18412
174058
18408
190447
182256
206831
231411
83955
272371
92152
215033
133114
75770
18426
313339
141310
296957
239614
190466
10243
2050
108549
190467
2052
34830
2063
198672
149520
67606
18455
83992
2073
223256
26650
165911
215070
165918
43042
149540
305190
272425
297005
198703
288816
247859
84022
182328
215097
157753
297025
272450
141379
141380
51267
10307
51270
297033
92234
75851
84044
149580
108624
92240
215124
100436
84052
108634
84059
34907
239709
165981
305256
2155
92270
10350
149617
133237
264309
182390
59514
116859
133244
182396
272509
166015
265832
288899
84099
256134
288902
239753
116875
157835
198800
141459
59540
174229
288917
51351
116889
59546
149660
215202
207010
59554
2211
182436
280745
247980
2220
26798
84143
59568
247985
141492
198837
51383
157880
297145
26810
174266
10427
116925
92349
272574
288957
272571
198850
190659
231620
182467
10438
26824
157897
270732
149707
190669
174285
10445
166096
116943
125139
2259
59605
256213
280791
231640
272599
59610
198875
231638
149717
84182
190685
313568
84194
174307
59622
100582
149739
76012
280817
108786
223476
248054
280824
174329
313594
182523
100604
182525
116990
59648
305409
157957
116999
117001
305418
223498
133392
166161
43283
289044
207128
174366
313630
100641
43297
264481
174373
117029
59689
198956
149805
190768
35122
100661
182584
248123
264508
272700
256318
35133
305470
100673
264515
239941
207173
26950
59717
141642
76108
256332
67918
190799
297296
223569
2380
248147
92501
215382
18775
190814
108894
256352
264545
199008
182624
92516
166245
18790
35178
18797
2413
289133
100719
223601
51568
35182
289138
215407
125302
289142
108921
207225
92541
174464
240002
51587
174477
67982
264591
84368
305552
10640
158098
174485
108953
84384
248224
59811
100772
158119
256423
182697
313775
231858
297396
256436
215479
272824
18874
166331
166330
125375
281024
76225
231875
76228
190918
208910
305608
92618
76236
84430
133584
43473
100822
166358
27096
2518
27103
223715
27108
92645
281061
27110
125416
190954
141803
289258
51694
117230
59886
35313
76270
92659
10740
190965
133622
305653
174578
158201
43514
215548
109052
166399
18946
35332
174598
215559
207368
84490
223755
297484
174610
240147
141844
313877
215573
190994
133650
272921
166425
248347
305692
256533
248350
35356
92695
92705
27170
305691
109088
84517
215590
240167
150053
27180
158252
289326
240175
182832
174640
305712
133681
199219
2613
166454
10805
84537
141888
76352
272963
182852
59975
174665
207434
84554
133713
166487
305755
264796
10844
19038
223839
59998
272993
76385
10846
272997
313960
281193
256618
232044
141935
273008
223860
289397
100980
248441
297594
2683
305786
166525
313982
35455
35456
19073
199298
51843
215684
207493
125574
100996
35464
289416
174729
240267
191107
289413
43661
92815
43658
150161
297618
141971
273044
256662
158361
2713
166555
109212
166556
182942
43678
223904
43681
101019
158372
125605
101031
264871
76457
191146
117419
27309
84654
166574
117424
133808
27314
76465
174772
289460
35512
174777
199358
182974
92864
75445
10946
297664
182980
117445
109253
19141
240322
76487
76490
19143
60108
297685
248534
142039
314072
232153
117465
109272
101084
305885
142049
248546
256739
117477
207591
174830
117490
27379
223988
289526
232183
60153
297724
142077
92926
117505
60162
314116
264965
158470
84742
133897
199434
207627
51980
35596
305940
240406
281367
117527
273177
2841
76570
273180
281373
289559
51999
240416
35622
150313
35625
166697
92971
101166
166703
289584
248624
150366
117555
60212
256822
117559
11066
35643
35644
183101
92989
232257
60227
248645
93004
27470
306000
240464
142164
207701
117591
133978
158555
27486
93023
117599
19296
19294
125795
256863
248677
224096
248679
43880
174952
297834
35691
142187
43884
297838
281447
27510
297847
11129
52090
297851
93052
76665
150393
240511
101248
84863
93058
134018
232324
142214
256908
207757
306062
158608
76690
142230
35736
60314
166811
68514
265123
142248
183209
84905
35760
215985
183218
134068
142260
52150
142263
207802
191419
191420
101309
117694
76736
134080
43970
191427
216004
11205
43974
11201
60352
256962
273355
11212
150476
35793
281554
109521
281558
11223
11225
289757
93151
289763
52196
68581
281575
150503
158695
166887
52203
281580
191464
306159
265201
199666
44019
84981
44022
27639
240635
306171
52221
297982
306175
134141
52225
76801
11267
265219
109572
19455
207879
85003
216076
60429
240655
298002
158743
232472
216092
85022
134177
248866
134178
134182
207915
142379
306221
289838
199727
3120
60464
216111
109614
126004
11320
224314
257082
183356
19516
52285
3136
142400
52294
166983
166985
3147
35922
142419
27732
224341
101462
257111
52311
191577
216154
273499
281692
3163
76895
11360
19553
117858
19554
207972
68706
248934
76902
134246
142441
44142
207983
240752
273521
240754
60529
257140
240757
232566
93302
11382
248960
126080
224387
117892
150662
44167
273542
298122
52363
3214
273550
158864
60558
257167
11411
93326
240789
257173
224406
150682
142492
298142
134302
265376
183460
265380
85161
183467
298157
249011
93364
257207
199863
175292
11454
44223
93377
68803
27843
94563
167112
52425
257226
19659
281808
101585
68819
232659
150739
208086
232663
60627
109785
27868
216286
167137
101602
257252
249062
216300
109805
101617
208115
85236
19699
142582
101623
19704
44281
240890
298234
118013
158975
265473
273665
19716
60678
240904
93450
150797
167182
298256
77073
306451
44308
273684
85271
216343
191769
101655
93464
27932
101658
118046
77089
101666
60707
27937
93473
101670
118055
142631
290082
93484
36141
44337
232753
134454
216374
273719
199994
240954
159035
109883
109886
183615
36160
232765
142658
175428
191813
126278
167239
281928
224591
200016
11600
150866
52563
249175
208215
306522
191835
19803
142685
134494
281949
265563
52575
224602
93539
257380
298341
3432
257384
281963
241007
249199
68975
216434
265586
224628
191857
249209
265594
224635
150908
101755
101761
11650
93572
298373
19845
109959
298377
249227
150923
77197
142734
93583
175502
290187
109971
77205
265624
126361
69016
216474
202592
273821
183710
183711
208291
19875
52645
298406
159144
134569
11690
290225
3506
208307
224693
265653
3513
150970
167356
249277
77246
101823
110016
118209
191937
175555
19909
257479
101834
111421
19916
134610
151000
142809
52698
216539
85471
159201
208355
200163
134629
290280
60905
60909
273907
216565
52726
60927
216577
224771
101894
208391
60935
306699
298508
93707
232971
232976
77333
134680
298521
60957
257568
241185
126498
151080
224808
273965
142893
118318
20016
52787
28212
273975
134711
306743
11835
3645
306751
257601
216652
85586
167507
224850
134742
36442
20060
101980
233052
159329
257634
298593
159332
101988
290406
151143
183910
20073
274026
69227
28268
3692
20075
241262
134768
208494
200298
110196
134773
142967
110200
167545
183928
61048
110204
200314
159362
241282
274052
282245
61061
69256
274059
44684
274064
61075
151188
142997
241302
224919
11925
208540
257693
110238
134813
200353
102050
183973
134825
110250
143018
167598
200366
69300
126644
126647
159416
274105
151223
143035
175804
224953
167616
118465
20162
159427
208580
167618
151238
20167
57739
3785
102089
208587
44748
184004
274126
282319
265934
184018
151260
102110
126689
233186
265954
167654
151273
3818
28395
143090
233204
233206
274170
290556
28412
233214
36606
52992
290562
282372
159495
143111
110345
175881
306952
159501
44816
102161
208658
118549
208663
69400
3864
3866
134937
216858
241437
200478
12063
20255
192290
192298
28459
257839
175919
233264
298802
28467
20278
249663
118595
102212
12099
208710
118598
12100
192328
167758
290638
266068
3926
126807
225113
159583
208737
200546
298851
200550
12139
85869
307055
143216
307057
151411
216948
61301
208760
167802
208763
118653
28542
282496
44929
28548
85893
184197
266119
110472
208775
143240
110476
53133
94093
160357
192400
184209
12177
69523
192404
44952
102297
282522
176024
85916
184220
266143
44960
249761
192418
94115
94113
216996
173388
12201
192426
61356
44973
53167
102321
12213
94136
118715
135100
102332
85950
290751
85952
53184
282560
102337
20412
85957
208838
225224
200649
241610
274380
298957
65933
274384
135120
102354
167891
200659
126928
208855
208859
85980
167901
217051
118751
266207
249825
126946
102364
249828
184295
53224
110569
159720
282603
118759
258029
176114
290805
4086
131070
192504
299003
208898
151554
53251
176133
274438
159751
200710
77830
102410
258060
233485
274444
233487
167949
126993
102417
266256
282644
94224
143374
307217
307221
266266
208922
69660
53275
102430
45088
307235
127017
225322
45105
12338
159794
307252
208948
258097
143418
45115
28732
77886
102462
266311
266312
77898
102478
266319
233552
307284
110677
45145
127066
135259
77914
20569
53341
77919
102495
86113
135258
61540
290918
258151
192618
200811
274540
69741
4205
143471
176240
299121
127089
200822
209250
249976
176249
118906
102525
77950
192642
45193
200841
151693
151694
274575
200851
258196
282773
192662
28822
12438
37016
77974
110743
184470
192669
176287
86175
110753
4256
102563
168095
86182
233639
4265
118954
233644
151728
250034
78003
127154
94389
78006
4278
217271
127157
307383
282811
86202
266425
282814
102590
282815
241855
135362
4291
20674
192704
241862
102598
61639
209096
159947
258253
12495
53462
209110
159961
233689
250075
184540
159965
209113
61663
250080
20704
233696
200931
4326
266472
307433
110827
159984
119025
28915
78068
192756
307446
78072
12541
307454
274688
37120
168193
209153
291076
282883
127236
291072
307464
69897
28936
69898
176398
78095
168206
184590
168210
168213
119064
102681
266520
4379
69916
274717
143645
20763
233754
274723
127268
78116
4388
143651
102692
94505
37161
127280
299313
86325
4407
12600
160057
119098
274748
151872
299330
217411
241988
258378
282954
135499
160078
192847
37200
61776
258384
69967
4437
168278
69975
274774
192858
37210
307547
20830
201054
184674
291171
135524
86373
242022
135525
291176
233829
225635
225641
78181
135532
168301
86384
61809
209266
110960
282996
192881
151926
258427
217468
151935
151937
299393
242049
37253
201095
307591
143753
307592
135563
4490
291214
160148
217495
12702
102816
135584
233890
168356
184742
274854
250282
78251
250285
209329
20914
192950
45495
4536
94653
283069
168383
176577
135619
307652
4549
184772
143814
37317
225735
217546
20934
192972
135629
45520
233936
127442
192979
37332
201168
135641
192985
29147
45532
86492
176606
61921
225761
307685
168422
233960
78314
160235
53745
193010
291314
299505
160245
37362
61943
86520
160249
274935
258555
127484
160253
143870
184831
176639
12796
37376
143875
266755
233989
160254
168455
209416
94730
29195
78348
111124
4629
242197
61980
61981
53791
61985
29218
299555
250403
127526
225832
21033
86570
283180
4656
217651
21044
152116
37433
217659
217663
234047
242241
21059
234052
176709
225864
184907
275020
291405
135759
242256
266833
201298
283226
275038
29281
234082
258659
53861
4710
103015
160360
53863
250474
184938
4713
86630
86635
307828
209527
4728
242298
4731
152187
119429
4745
94857
37513
217740
168587
152207
53903
258707
86676
135829
103066
184986
135836
201374
266913
21154
242341
119464
283305
21162
21164
242348
283310
176816
283314
62130
70327
299704
94904
242362
78523
283321
45756
127678
176830
250559
291521
217792
21182
4803
53954
20494
13003
217804
111308
86734
299726
62160
70353
201426
291534
127695
193238
13016
70361
283355
160476
217822
258785
152290
242403
135910
275175
226024
168680
291565
62191
193263
275185
275183
78579
45812
59580
119542
152311
144120
152313
4858
168699
209659
13051
144123
127743
275200
94977
86790
78599
258827
13067
209676
234255
176912
119569
193297
127763
168724
144149
54039
70423
267033
307991
45852
21277
13086
21276
160540
21284
201511
283432
111401
250674
152371
78642
13109
4925
62270
308030
258878
152383
152381
136003
201534
111429
152390
103239
160584
45894
283467
299852
291661
152398
103246
95056
54096
37713
308044
4948
209748
185176
70491
283485
217951
70496
193376
242531
70504
103272
168810
66117
267121
201587
217971
177015
4987
193403
152445
226182
45959
13193
308105
78731
234381
258960
119701
242582
127895
242585
250778
86941
95134
218020
258983
144296
136105
193450
226219
177069
152495
250803
258996
226229
299957
119735
54200
127928
29620
299964
5052
242622
209860
218055
5064
127946
70605
160718
95181
103376
275408
177106
193489
193492
144341
275415
193498
87006
291807
144351
127969
275425
242661
291815
209896
226280
291818
185323
234476
127980
185326
54255
185328
37878
111609
218106
103417
127997
267262
87040
283650
29705
168972
21517
119825
275477
160791
78872
95256
152601
185373
226334
111647
308258
160803
209956
201765
46115
177193
275500
128045
62511
37936
95281
226354
160817
144436
13363
21559
234551
259128
226362
259130
152635
128061
87102
275516
119872
275525
5190
300107
87116
128076
78927
54353
193618
119891
308309
136278
185430
291925
185438
54371
62566
267367
136296
78953
185448
185447
119910
300141
5230
38000
87156
218228
136310
144502
119926
54392
177274
291963
177276
70781
177272
291967
21633
218243
87171
95365
46212
62599
13448
283785
259203
38021
242825
185487
251023
54417
283795
169108
119957
46230
152726
111769
193693
234654
152735
103583
29857
201886
160931
136356
29863
185511
210090
300203
292015
242866
193716
5302
160950
95417
308410
54457
210108
160964
169156
226506
251083
251086
267470
79060
160981
46294
87254
283864
29914
160988
177373
242911
13536
210146
267493
226534
242917
218344
54502
46311
79083
120037
251119
177391
13554
95476
234742
120055
185596
210174
38143
300288
259328
308482
201986
259330
292102
136455
308489
259342
169230
202000
95505
234767
46355
70932
193813
136467
283928
152857
95514
29979
177436
103706
226585
144666
13604
13605
177446
210214
29994
79147
210220
234800
13617
283954
144689
185649
120117
21809
120123
193853
193856
120130
243011
259396
46403
259402
87371
210252
152908
111949
21839
251215
95564
5458
136530
120152
110177
30042
21852
300382
21856
226657
79202
30051
300388
79205
218469
144743
128359
185706
30059
185712
251248
5490
87412
161140
300407
234872
234874
218491
300417
300418
275844
300423
13704
54669
112013
226706
13715
284052
185749
136600
103834
144797
71070
308637
210335
177569
218531
120233
120234
308652
243116
54705
54706
275889
275893
71095
38328
21945
5562
202170
226749
234948
62920
153032
226762
21962
308683
128473
87514
95707
251356
153053
112094
71135
292321
46562
103909
79334
251366
112105
292330
128491
144874
308717
10885
38383
103923
300534
169462
13819
120317
79359
194048
5634
5635
153092
120322
136710
267784
161289
218633
235021
169486
177679
38416
243217
30225
54801
87567
235029
120336
194062
136729
210458
54811
300573
210462
120349
112160
194081
218657
185890
308772
13863
292392
87596
202285
13869
120365
103984
13870
292402
169531
267836
259645
194108
194111
71231
292416
112193
63043
161348
71242
13898
5711
194128
161363
120403
22099
95833
30297
267868
13917
276065
194146
120419
185962
202348
136813
153197
104048
284275
276086
177783
259703
128637
169597
5759
276102
5768
185993
243340
95885
292492
226956
82559
30353
79505
308883
112273
136852
112280
194201
202394
308889
210588
276124
267936
218787
46757
177832
259754
145067
186027
194219
136879
71347
218812
22206
235204
30405
300743
54990
95951
300755
46808
194265
5850
267993
71389
300765
87775
218846
95971
95972
22246
46823
177899
268011
292590
38644
218869
71413
136949
284409
276218
153339
194299
243452
161534
284416
218881
79617
30468
63242
235274
5907
96019
284437
46868
186136
202521
63258
309019
87836
153370
169754
14111
128800
120605
202530
30492
235293
161573
268071
46888
46890
120621
14129
284466
169777
227127
104251
177980
177981
14140
243519
161606
259910
300872
202567
235343
96080
300879
104274
46932
137044
194388
87895
300888
284502
202587
210780
251741
202589
96093
300896
153441
202593
235363
120675
276323
145253
300895
218983
186213
145256
242169
22385
137074
235377
300917
169846
38774
259958
292732
153469
38782
63358
6014
120705
96132
145286
79754
161675
46991
27267
210833
235407
71574
87958
71576
194456
169882
6046
186271
112545
227234
71592
202665
251817
30635
153516
14250
260014
120751
235433
55209
104372
219061
38838
30648
71609
104376
243643
87997
112575
96192
30656
169922
145348
251846
292807
186311
14278
186314
276428
260044
38862
79821
202702
128977
268242
276432
6100
55254
30680
243673
284632
161757
235488
137184
30690
161763
55268
71651
38886
128998
88040
104425
112613
235499
47084
169965
112622
14317
194544
309233
6127
268277
88054
186366
219137
186370
284673
251909
243717
120840
112649
112650
284683
96266
178187
79881
120850
55316
112661
243733
47135
22559
178209
251938
47139
292899
227365
129060
14375
219175
88105
6186
178219
202792
30766
30768
88116
243766
145462
276536
276537
129081
71739
251963
211000
6206
219190
88128
96321
301119
194619
251974
22599
260168
170057
22602
14411
55374
170063
276561
104532
6229
260183
235609
211034
88154
170074
88153
129120
79970
178277
178279
243815
178281
309354
309356
186477
137326
186479
112753
96370
137331
186485
284793
145532
129149
153727
63616
202881
22658
243844
153733
284806
268423
63624
14474
276621
202896
88209
63633
14483
96403
178328
112792
293019
153756
47262
88222
30880
293027
227493
284839
219306
129194
293035
80046
268465
268470
6326
211130
153788
121025
30913
145603
153795
121028
55496
268489
104649
293068
88277
137429
22745
96477
227550
80096
284896
153827
260323
30952
260329
284908
30959
252143
80116
6388
268538
162042
14588
88317
47358
243967
170242
276742
243975
22440
6409
22794
301323
129292
30991
203023
39186
235795
63764
6419
170263
31001
71962
71965
6429
145698
121123
145699
309543
47400
203051
6444
227629
268588
178479
63792
121135
55603
203060
47413
14645
276790
178487
252217
235832
194867
153918
252222
309569
301380
162117
129350
129351
203079
31049
260426
186700
137552
178512
252242
227664
63828
293210
162139
309597
162143
6496
63841
137570
14692
145766
301414
219497
72044
186734
14705
129393
252277
6521
268669
72063
260483
178566
96651
235916
80269
14735
47504
32237
113048
72092
145821
104863
137632
55712
219554
154018
244132
162213
309673
252333
260526
194989
72112
252337
194993
80302
301492
211381
203184
178618
6589
309694
31166
268734
227776
14785
96708
162246
104907
211403
14797
47565
162252
6609
162258
6611
301524
227797
104918
104917
178646
178649
23002
43648
55765
285150
121310
154078
235999
129506
309733
137704
227817
104941
154094
309744
195058
121331
285174
227831
145912
309753
244218
170491
63990
252413
236030
55806
80385
268802
14849
293380
260616
96779
268811
47629
277005
96782
162320
55824
309779
64019
80404
129556
23063
55831
96798
121376
23073
72226
178720
14885
227878
137766
64042
14890
23084
129581
39468
145968
31282
39475
88626
154164
309814
14909
121405
96831
162370
113218
309828
64070
80455
14920
88651
64076
195147
121421
211535
14928
186961
268882
154194
137809
129622
236119
31320
309847
277082
178776
96866
23139
129637
260709
170602
268906
39536
129651
80501
154229
146037
252536
96890
113274
154236
260733
277119
219775
236164
113285
96906
252555
162442
301709
170639
55953
14994
31379
146066
162455
6810
211611
162460
301726
178846
260768
31390
15015
211624
96935
293547
178863
260784
268977
301746
219827
129712
55989
55990
203447
80569
162491
137916
162494
293567
195263
64193
211650
195268
137925
162501
56007
105160
56010
277197
56020
64215
195288
244440
121562
301787
64220
23260
187103
285408
15073
236257
137954
64227
301797
244454
146146
129759
56044
301804
178926
293614
260849
260850
228082
121588
97013
236278
80625
113400
154361
64249
39675
170748
269055
301824
269056
31490
72451
260867
195333
310021
105225
72459
170763
113423
162576
285455
6929
6931
170771
23317
146198
121624
187163
72476
252705
31532
88878
47919
23345
170802
72499
162611
56114
277302
293692
285500
179005
260927
236352
293697
31554
113475
203588
293701
64327
154441
285513
310089
15183
15185
244562
162641
179028
228181
310101
301907
269144
7001
80730
105307
31581
154463
310111
39775
154466
121699
72548
260965
72549
310119
56168
31595
105325
285555
260980
301941
15224
195450
80763
187265
293761
39811
129925
211849
277387
269196
310156
170893
80781
138129
39826
72595
203667
170899
277393
121748
64409
31642
261019
48027
220061
15262
277407
162720
228252
138140
162724
310182
170919
39848
146345
228266
203691
105388
97198
121774
15280
146359
293816
7098
252864
236481
277445
97221
236488
48074
211917
228301
220113
7122
236500
162772
113624
130008
203737
64476
15325
261085
31711
236514
302051
277474
130020
39912
89067
121835
293869
236526
138221
220144
154609
39922
211951
23543
138232
154616
80890
203770
48123
121853
48122
89087
138240
15362
7174
211980
72718
80911
244754
105496
228377
138264
146459
130072
252961
97314
31779
138276
212005
236581
162855
179240
146469
7209
171051
195640
15418
64571
72766
228414
154688
15425
302145
310339
97350
56391
23624
138313
105546
171083
15436
236621
72780
64591
277586
261202
285780
113749
72787
97363
130136
31833
64600
15448
146524
80991
31840
228449
310370
285795
310372
105573
7270
80999
179299
179305
89194
56428
310385
81009
31858
154741
81015
40056
89208
81017
31867
310396
7292
15486
40063
285823
302207
146563
146565
236679
48265
171147
285838
146575
195726
195728
179345
310420
294036
244886
244887
7318
253082
113822
220320
72869
40102
269481
285867
31916
294061
294062
171182
40112
81073
179371
269491
212148
97464
97465
253115
48316
294077
146623
269504
40131
277700
23749
89285
31942
187592
261320
113864
146636
15564
302288
285905
31954
244946
294100
48340
56528
277719
130266
269531
179420
105693
113885
187620
220390
302310
72936
130278
23787
105713
195826
261364
122102
269559
212216
15607
138490
187643
302332
195837
105722
310519
138496
302338
261381
97546
294155
7436
310543
310544
294161
163089
40211
310548
81173
138520
269592
245021
163106
163109
122149
187688
171305
236844
310576
73010
245042
187701
130359
179516
73022
105793
81219
138564
291313
253255
294218
261453
277838
114000
130384
146770
195922
310609
146774
73046
73050
64859
228701
15710
23902
64864
294242
122212
179559
163176
146794
220522
212331
310638
105839
64878
310641
310642
73075
105844
122229
48501
97650
253304
56700
179580
212352
269696
261504
105859
23937
294274
204173
294286
64911
122256
171407
89490
122259
56725
97687
179612
122271
146847
56740
155047
81319
155049
56744
32168
73128
171431
236975
187824
245169
81330
277939
228788
23989
114104
228795
212412
138687
40384
48580
236999
32200
97737
155080
15819
105932
294349
130510
277967
48592
146897
204242
138707
56788
286162
204249
32220
294366
237023
212447
97762
171490
32228
294373
196070
269799
245222
310761
187884
269805
138732
65005
146928
89584
65009
114163
212467
277999
155126
310769
48632
89592
105983
65028
228869
146950
286216
171528
196106
56844
122380
130574
228879
310804
286229
32277
237077
73240
228889
7706
163353
89625
48666
146976
245280
155174
278055
261675
212524
269870
237103
220722
245298
106038
196152
89657
48696
73275
237117
155199
106047
286273
228927
89667
122438
261702
204359
155210
48714
286284
15950
24142
138843
106076
130653
278107
286303
286305
261730
89699
310884
40548
48740
179815
163432
40551
7787
179823
106096
253553
163442
106099
138868
253557
302707
89719
294520
106105
245368
15995
163452
253564
138878
89727
24192
204420
16005
122502
294535
253576
302729
122506
302734
97936
40592
130706
147091
171668
97941
163479
7832
40605
163487
229024
237217
269986
138915
302753
163493
97958
229031
171686
32425
179882
138923
171689
294573
179886
229038
253619
245427
24245
220854
261815
196277
32441
97977
163515
32442
97981
294590
7870
286398
294601
204490
229067
294605
16078
229072
188116
147158
114390
270044
57054
163551
73439
196320
253667
179943
7912
237289
261863
81645
196339
138999
16121
261882
155392
98050
155401
294666
278286
204558
114449
7953
106260
130837
171798
261910
114455
220953
294683
106268
311069
253726
311071
188194
245540
40741
180006
114471
229159
139049
196388
261930
171817
24365
302893
65328
48950
24375
294712
171833
106299
57148
180027
278332
139067
245566
220996
73540
180040
114506
89932
89934
130895
253778
286548
253780
8022
294744
180057
188250
65371
294749
229213
81759
270182
171878
49000
89963
155501
278386
212856
253819
163707
196477
294781
65407
40830
24449
204674
180099
204670
24454
89992
163720
163722
57227
155531
130959
221072
49044
16276
311191
106392
204696
114586
237469
204704
114594
303011
65449
180137
245675
270251
155564
130989
90032
204721
221105
32694
188345
278459
212923
90047
90048
221120
40897
237507
171971
196543
106439
24524
57294
237518
163794
73683
139219
65493
262104
303066
221146
245722
311258
294879
147425
180194
286692
65514
229355
212973
188399
114673
16371
294900
311286
131063
131067
49150
278527
