,.34
.4,5e-12
.,623e12
.236,666e+12
1,2.
12.234,
12.45,43
12.4,543e-12
12.454,3e+0
1,2.4543e0
,12.4543e666
12e,-12
134e,+12
1,56e12
1,412,.
1,,412.234
2,3,12.4543
,2,312.4543e-12
6,612.454,3e+0
1,312.4,543e0
3,8,12.4543e666
3,212e,-12
2,1,34e+12
8,1,56e12
0,4,12.234
0,,412.
0,31,2.4543
0,312.45,43e-12
0,61,2.4543e+0
0,312.45,43e0
0,8,12.4543e666
0,212,e-12
0,134,e+12
0,1,56e12
14,12.234
141,2.
,2312.4543
2312.45,43e-12
6612.454,3e+0
1312.4543e0,
3812.4543e6,,66
32,12e-12
2134e+1,2
8156,e12
11,4,12.
11,,412.234
12,,312.4543
12,312.45,43e-12
16,612.45,43e+0
11,31,2.4543e0
13,812.4,543e666
13,212e-1,2
12,134e+12
18,15,6e12
611.412.
61.1,412.234
612,31.2.4543
612,3.12.4543e-12
616,6.12.4543e+0
611,312.4.543e0
613,8e12.4543e666
613,2e12e-12
6e12,13e4e+12
618,15e6e12
1,6ee11,412.
1,6e11,412.234
1,612,3,12.4543
1,61,2,312.4543e-12
1,,616,612.4543e+0
1,6,11,312.4543e0
1,6143,812.4543e666
1,613,2132e-12
1,6132,134e+12
1,6148,156e12
0,611,412.
0,6141,412.234
0,612,3132.4543
0,6412,312.4543e-12
0,616,6312.4543e+0
0,6411,312.4543e0
0,613,8142.4543e666
0,64413,212e-12
0,612,1334e+12
0,6138,156e12
10,611,4312.
10.611,412.234
10,612.312.4543
10,612,312.4543e-12
10,616.612,4543e+0
10,611,312,4543e0
10,613,812..4543e666
10,,613,212e-12
10,,,612,134e+12
10,618,,156e12
1061,1,412.
1061,1,412.234
1061,2,312.4543
1061,2,312.4543e-12
1061,6,612.4543e+0
1061,1,312.4543e0
1061,3,812.4543e666
1061,3,212e-12
1061,2,134e+12
1061,8,156e12
10,61,1412.
10,61,1412.234
10,61,2312.4543
10,61,2312.4543e-12
10,61,6612.4543e+0
10,61,1312.4543e0
10,61,3812.4543e666
10,61,3212e-12
10,61,2134e+12
10,61,8156e12
110,6,11,412.
110,6,11,412.234
110,6,12,312.4543
110,6,12,312.4543e-12
110,6,16,612.4543e+0
110,6,11,312.4543e0
110,6,13,812.4543e666
110,61,3,212e-12
110,61,2,134e+12
110,61,8,156e12
6110,6,11,412.
6110,6,11,412.234
6110,,612,312.4543
6110,6,12,312.4543e-12
6110,6,16,612.4543e+0
6110,6,11,312.4543e0
6110,6,13,812.4543e666
6110,6,13,212e-12
6110,61,2,134e+12
6110,618,,156e12
6,110,611,,412.
6,110,611,,412.234
6,110,612,3,12.4543
6,110,612,31,2.4543e-12
6,110,616,612,.4543e+0
6,110,611,312.,4543e0
6,110,613,812.4,543e666
6,110,613,212e-1,2
6,110,612,134e+12,
,6,110,618,156e12
6,,110611,412.
6,,110611,412.234
6,1,10612,312.4543
6,11,0612,312.4543e-12
6,1106,16,612.4543e+0
6,11061,1,312.4543e0
6,110613,,812.4543e666
6,110613,,212e-12
6,110612,1,34e+12
6,110618,15,6e12
6,110,611412,.
6,110,611412.,234
6,110,612312.4,543
6,110,612312.45,43e-12
6,110,616612.454,3e+0
6,110,611312.4543,e0
6,110,613812.4543e,666
6,110,613212e-12,
6,110,612134e+12,,
,,6,110,618156e12
0,6,110611412.
6,11061141,2.234
6,11061231,2.4543
6,11061231,2.4543e-12
6,11061661,2.4543e+0
6,11061131,2.4543e0
6,11061381,2.4543e666
6,11061321,2e-12
6,11061213,4e+12
6,11061815,6e12
6110,61141,2.
6110,61141,2.234
6110,61231,2.4543
6110,6123,12.4543e-12
6110,6166,12.4543e+0
6110,6113,12.4543e0
6110,6138,12.4543e666
6110,6132,12e-12
6110,6121,34e+12
6110,6181,56e12
611061141,2.
611061141,2.234
611061231,2.4543
611061231,2.4543e-12
611061661,2.4543e+0
611061131,2.4543e0
61106138,12.4543e666
61106132,1,2e-12
6110612134,,,,e+12
611061815,6e12
