.34
.45e-12
.23e12
.23e+12
12.
12.234
12.4543
12.4543e-12
12.4543e+0
12.4543e0
12.4543e666
12e-12
134e+12
156e12
1,412.
1,412.234
2,312.4543
2,312.4543e-12
6,612.4543e+0
1,312.4543e0
3,812.4543e666
3,212e-12
2,134e+12
8,156e12
0,412.234
0,412.
0,312.4543
0,312.4543e-12
0,612.4543e+0
0,312.4543e0
0,812.4543e666
0,212e-12
0,134e+12
0,156e12
1412.234
1412.
2312.4543
2312.4543e-12
6612.4543e+0
1312.4543e0
3812.4543e666
3212e-12
2134e+12
8156e12
11,412.
11,412.234
12,312.4543
12,312.4543e-12
16,612.4543e+0
11,312.4543e0
13,812.4543e666
13,212e-12
12,134e+12
18,156e12
611,412.
611,412.234
612,312.4543
612,312.4543e-12
616,612.4543e+0
611,312.4543e0
613,812.4543e666
613,212e-12
612,134e+12
618,156e12
1,611,412.
1,611,412.234
1,612,312.4543
1,612,312.4543e-12
1,616,612.4543e+0
1,611,312.4543e0
1,613,812.4543e666
1,613,212e-12
1,612,134e+12
1,618,156e12
0,611,412.
0,611,412.234
0,612,312.4543
0,612,312.4543e-12
0,616,612.4543e+0
0,611,312.4543e0
0,613,812.4543e666
0,613,212e-12
0,612,134e+12
0,618,156e12
10,611,412.
10,611,412.234
10,612,312.4543
10,612,312.4543e-12
10,616,612.4543e+0
10,611,312.4543e0
10,613,812.4543e666
10,613,212e-12
10,612,134e+12
10,618,156e12
10611,412.
10611,412.234
10612,312.4543
10612,312.4543e-12
10616,612.4543e+0
10611,312.4543e0
10613,812.4543e666
10613,212e-12
10612,134e+12
10618,156e12
10,611412.
10,611412.234
10,612312.4543
10,612312.4543e-12
10,616612.4543e+0
10,611312.4543e0
10,613812.4543e666
10,613212e-12
10,612134e+12
10,618156e12
110,611,412.
110,611,412.234
110,612,312.4543
110,612,312.4543e-12
110,616,612.4543e+0
110,611,312.4543e0
110,613,812.4543e666
110,613,212e-12
110,612,134e+12
110,618,156e12
6110,611,412.
6110,611,412.234
6110,612,312.4543
6110,612,312.4543e-12
6110,616,612.4543e+0
6110,611,312.4543e0
6110,613,812.4543e666
6110,613,212e-12
6110,612,134e+12
6110,618,156e12
6,110,611,412.
6,110,611,412.234
6,110,612,312.4543
6,110,612,312.4543e-12
6,110,616,612.4543e+0
6,110,611,312.4543e0
6,110,613,812.4543e666
6,110,613,212e-12
6,110,612,134e+12
6,110,618,156e12
6,110611,412.
6,110611,412.234
6,110612,312.4543
6,110612,312.4543e-12
6,110616,612.4543e+0
6,110611,312.4543e0
6,110613,812.4543e666
6,110613,212e-12
6,110612,134e+12
6,110618,156e12
6,110,611412.
6,110,611412.234
6,110,612312.4543
6,110,612312.4543e-12
6,110,616612.4543e+0
6,110,611312.4543e0
6,110,613812.4543e666
6,110,613212e-12
6,110,612134e+12
6,110,618156e12
6,110611412.
6,110611412.234
6,110612312.4543
6,110612312.4543e-12
6,110616612.4543e+0
6,110611312.4543e0
6,110613812.4543e666
6,110613212e-12
6,110612134e+12
6,110618156e12
6110,611412.
6110,611412.234
6110,612312.4543
6110,612312.4543e-12
6110,616612.4543e+0
6110,611312.4543e0
6110,613812.4543e666
6110,613212e-12
6110,612134e+12
6110,618156e12
6110611412.
6110611412.234
6110612312.4543
6110612312.4543e-12
6110616612.4543e+0
6110611312.4543e0
6110613812.4543e666
6110613212e-12
6110612134e+12
6110618156e12
